Olav 4569974931
27
27
27
27
27
27
27
27
27
23
27
27
27
27
= 374 kr


{4569977961=[56.0, 48.0, 40.0], 5454781068=[56.0, 33.0, 33.0], 4925624525=[54.0], 4925561542=[24.0, 53.0, 48.0, 84.0, 28.0], 4925562595=[24.0, 72.0], 4106512455=[136.0, 68.0, 44.0, 28.0, 40.0], 5355618858=[28.0, 28.0], 5355605267=[40.0, 48.0, 40.0, 32.0], 4553964380=[24.0, 53.0, 16.0], 4569976906=[35.0, 72.0], 4925567642=[24.0, 24.0, 24.0, 24.0, 24.0, 16.0], 4002778496=[48.0, 24.0, 28.0], 4106512184=[44.0, 28.0, 56.0], 4065770892=[28.0, 28.0], 4925563968=[27.0, 60.0, 27.0, 24.0, 80.0], 4925562800=[48.0, 120.0, 32.0, 64.0], 4642308057=[16.0, 24.0, 45.0, 24.0, 16.0, 29.0], 4313157775=[27.0], 4106512909=[27.0, 27.0, 46.0, 27.0], 4925565114=[24.0, 29.0, 16.0, 50.0, 24.0], 4925561310=[80.0, 40.0, 41.0], 5401854640=[78.0, 27.0, 27.0, 27.0, 84.0, 60.0, 27.0, 30.0, 28.0, 28.0, 28.0, 58.0], 5372177109=[27.0, 23.0], 4106513162=[27.0, 27.0, 40.0, 320.0, 28.0, 40.0, 40.0, 28.0], 4925567892=[28.0, 28.0], 4450358670=[24.0], 4925569038=[28.0, 28.0, 28.0, 28.0], 4106510296=[48.0, 48.0], 4558336062=[38.0, 58.0], 4925569439=[24.0, 24.0], 5573858097=[28.0, 28.0, 28.0, 28.0, 28.0, 48.0, 28.0, 28.0, 84.0, 56.0, 44.0], 5355601118=[80.0, 28.0], 4925561400=[44.0, 40.0, 32.0, 28.0, 44.0, 32.0], 4925562459=[28.0], 4925565724=[60.0, 48.0, 28.0], 4925565569=[40.0], 5460148855=[54.0, 27.0, 46.0], 4234=[27.0], 4925564871=[120.0, 76.0, 92.0, 53.0, 32.0, 64.0, 28.0, 28.0], 4106517767=[84.0, 320.0, 80.0, 42.0, 106.0], 4925565044=[16.0, 16.0, 16.0, 28.0, 25.0], 5372177978=[27.0], 4106518584=[28.0, 28.0, 28.0], 4272381410=[30.0, 24.0, 29.0, 120.0, 24.0], 4065778591=[27.0, 27.0, 25.0, 28.0, 30.0, 24.0, 30.0, 24.0, 28.0, 24.0, 24.0, 54.0, 28.0, 28.0, 28.0, 28.0, 32.0, 28.0, 28.0], 5267926442=[24.0, 30.0], 4925568950=[28.0, 32.0, 48.0], 4558330677=[25.0, 67.0, 28.0, 16.0, 60.0, 74.0], 4106515752=[44.0, 96.0, 192.0, 42.0, 24.0, 56.0, 24.0, 42.0], 4065777384=[96.0, 60.0, 28.0], 4925568315=[27.0, 27.0, 69.0, 46.0, 23.0, 92.0, 16.0, 56.0, 48.0, 80.0, 32.0, 64.0, 32.0], 4984687120=[88.0], 4558334234=[27.0, 27.0, 27.0, 33.0, 27.0, 27.0, 58.0, 27.0, 27.0, 27.0, 66.0, 66.0], 4925564519=[27.0, 27.0, 23.0, 23.0, 23.0, 23.0, 23.0, 28.0, 28.0, 28.0], 4065773348=[56.0, 56.0, 80.0, 56.0], 4174730384=[44.0], 4065777029=[16.0], 4984686158=[54.0, 27.0], 4925566704=[38.0, 27.0, 41.0, 53.0, 198.0, 33.0, 58.0, 58.0, 48.0, 138.0, 16.0, 90.0], 5372171629=[76.0, 44.0, 26.0, 56.0, 16.0, 32.0], 4925563039=[45.0, 46.0, 40.0, 29.0, 25.0], 4925567918=[52.0, 56.0, 28.0], 4106511314=[27.0, 67.0, 73.0, 46.0, 60.0, 24.0, 28.0, 60.0], 4106510467=[27.0, 27.0, 27.0], 4299415230=[33.0, 106.0], 4925562347=[30.0, 90.0, 76.0], 4946561847=[28.0, 96.0, 84.0], 4925560684=[27.0, 27.0, 27.0, 27.0, 27.0, 80.0, 27.0, 65.0, 27.0, 81.0, 27.0], 4925565335=[40.0, 80.0, 48.0, 28.0, 16.0], 4174739581=[50.0, 50.0, 23.0], 4938742883=[27.0, 27.0, 27.0, 46.0, 54.0, 92.0, 29.0, 48.0, 28.0, 28.0, 28.0], 4925566543=[27.0], 5372170376=[16.0, 16.0, 320.0, 28.0], 4925563397=[30.0, 52.0, 28.0, 28.0, 24.0], 4299413975=[50.0, 73.0], 4925563031=[30.0, 29.0, 28.0], 4106510629=[37.0, 49.0, 80.0, 56.0], 4925565451=[60.0, 80.0, 52.0, 30.0, 140.0, 16.0], 4299418228=[27.0, 27.0], 4925561091=[30.0], 4299419399=[44.0, 72.0, 28.0], 4106515915=[30.0, 115.0, 90.0, 59.0, 25.0, 120.0, 82.0], 4540852735=[28.0, 16.0], 4106512801=[40.0, 48.0, 24.0], 4925609415=[38.0, 28.0], 4925569531=[216.0, 50.0, 50.0, 29.0, 28.0, 150.0, 25.0, 75.0], 4925569894=[72.0, 32.0, 108.0, 44.0, 56.0, 44.0, 48.0, 60.0], 4925569653=[100.0, 24.0], 5372174463=[56.0, 180.0], 5372177051=[24.0, 72.0], 4065779838=[30.0], 4925568966=[28.0, 58.0, 57.0], 4984680222=[32.0, 16.0, 28.0, 48.0, 24.0, 16.0, 16.0, 32.0], 4925560722=[27.0, 27.0], 4569970893=[28.0, 28.0, 28.0], 4925567915=[58.0], 4925565703=[50.0, 73.0], 4925563768=[25.0, 56.0, 28.0, 56.0, 64.0], 4925561067=[24.0, 24.0, 48.0], 4925565304=[28.0], 4925560890=[16.0, 45.0], 4925565387=[28.0, 40.0], 4106515765=[48.0], 0173=[60.0], 4925563241=[76.0, 28.0, 28.0, 28.0], 4299411581=[30.0, 44.0, 56.0], 5573857937=[30.0, 58.0], 4832036734=[73.0, 56.0, 71.0, 69.0], 5372179105=[16.0], 4984682639=[84.0, 84.0, 56.0], 4925560819=[27.0, 27.0, 27.0, 27.0, 80.0, 27.0, 33.0, 27.0, 27.0, 27.0, 28.0, 52.0, 118.0, 28.0, 320.0, 28.0, 180.0], 4925567563=[72.0, 32.0, 28.0], 4558330653=[44.0, 72.0, 56.0, 40.0, 40.0, 44.0], 4569974006=[62.0, 28.0, 29.0], 4065770173=[40.0], 4065775345=[25.0, 25.0, 25.0, 25.0, 56.0, 32.0], 4925563927=[27.0, 27.0], 4925561746=[54.0, 27.0, 27.0, 54.0, 54.0], 4106518086=[35.0], 4925561989=[27.0, 73.0, 27.0, 27.0, 27.0, 27.0, 27.0, 27.0, 28.0, 28.0, 28.0, 28.0, 28.0], 4925560785=[28.0], 4106512305=[44.0, 90.0, 46.0, 40.0, 28.0, 16.0, 16.0], 4925561870=[40.0, 64.0, 40.0], 4106511333=[76.0, 60.0, 28.0, 32.0, 28.0], 4925560023=[32.0, 24.0, 48.0, 16.0, 56.0, 32.0, 48.0], 4272388966=[56.0, 64.0, 69.0, 24.0, 44.0], 5126882691=[402.0, 27.0], 4925604668=[27.0, 27.0, 27.0, 23.0, 23.0, 23.0, 27.0, 27.0, 23.0, 23.0, 48.0, 27.0, 24.0, 28.0, 28.0, 28.0, 16.0, 28.0, 28.0], 5372173985=[60.0, 104.0, 24.0, 24.0, 24.0], 4925561076=[56.0, 48.0, 28.0], 4106512545=[30.0, 30.0, 30.0, 30.0], 4925566243=[41.0, 28.0], 4642305700=[27.0, 156.0, 30.0, 30.0], 4299413355=[30.0, 72.0, 50.0, 60.0, 48.0], 4771234869=[28.0, 24.0, 24.0, 24.0, 28.0, 320.0, 65.0, 44.0, 24.0], 4925657238=[28.0, 48.0, 28.0, 52.0], 4925569234=[27.0, 69.0], 5355609034=[40.0], 4106516232=[28.0, 24.0], 4925568664=[16.0, 16.0, 16.0, 16.0, 16.0, 32.0, 24.0, 16.0, 16.0, 16.0], 4065774362=[30.0, 60.0, 30.0, 40.0, 56.0, 32.0, 32.0], 4378377934=[104.0, 56.0, 104.0, 48.0], 4272387507=[28.0], 5454784794=[104.0, 28.0, 64.0], 4446982703=[27.0, 27.0, 27.0, 54.0, 28.0], 5573854093=[30.0, 24.0, 32.0, 56.0, 30.0, 40.0, 40.0, 224.0, 24.0, 112.0, 60.0, 46.0], 5454781446=[27.0, 27.0, 42.0, 60.0, 42.0], 5573857791=[48.0, 112.0, 96.0, 32.0, 64.0, 28.0], 4984689735=[56.0, 16.0, 60.0, 48.0, 64.0, 32.0, 28.0], 4065770149=[56.0], 4925566616=[24.0, 24.0, 88.0], 4692790607=[27.0], 4569973187=[63.0, 38.0], 4925562532=[104.0, 28.0, 28.0, 28.0, 28.0], 4065772847=[69.0, 96.0, 27.0, 73.0, 69.0, 50.0, 46.0, 50.0, 46.0, 27.0, 27.0, 46.0], 4925566611=[78.0, 57.0, 28.0, 28.0, 28.0, 88.0], 4925566610=[38.0, 61.0, 58.0, 58.0, 66.0, 38.0, 69.0, 30.0, 24.0, 24.0, 48.0], 4299412971=[27.0, 27.0], 4299414511=[27.0], 5454780759=[96.0], 5126882182=[27.0], 4553966861=[24.0, 16.0], 5351980429=[56.0, 28.0, 24.0, 24.0, 24.0, 56.0], 4925567027=[33.0], 5167394352=[87.0], 4106519071=[81.0, 27.0, 138.0, 54.0, 46.0], 4106510261=[45.0, 46.0, 54.0, 32.0, 28.0, 16.0], 4668=[23.0], 4925569848=[33.0, 27.0, 27.0, 27.0, 27.0, 115.0, 54.0, 28.0, 16.0, 28.0, 25.0], 5167396810=[30.0, 38.0, 32.0, 60.0, 28.0, 90.0], 4925562268=[28.0, 28.0, 28.0, 28.0], 4925603514=[80.0, 40.0, 48.0, 28.0], 4106510669=[29.0], 4925606741=[28.0, 88.0, 24.0, 28.0, 49.0, 25.0], 4925607677=[56.0, 56.0, 60.0], 5372176325=[27.0, 27.0, 50.0, 78.0, 53.0, 27.0, 71.0, 54.0, 27.0, 27.0], 4925569698=[28.0, 40.0, 56.0], 5167399532=[24.0, 29.0], 4106516258=[27.0], 5454781581=[50.0, 28.0, 28.0, 16.0, 56.0, 28.0], 4513538358=[48.0, 48.0, 96.0, 48.0], 4569974931=[27.0, 27.0, 27.0, 27.0], 4984688389=[196.0, 45.0, 252.0, 58.0, 87.0], 4569977522=[76.0, 48.0, 28.0, 28.0]}
